[Running] powershell -ExecutionPolicy ByPass -File "c:\Users\HUJ9\OneDrive - Otis Elevator\PowerShell\Search and Delete\Sudoku.ps1"
2023-10-29 21:20:34
+---+---+---+---+---+---+---+---+---+
|[1]|   |[4]|   |[6]|[7]|   |   |   |
+---+---+---+---+---+---+---+---+---+
|[5]|   |[9]|[8]|[3]|   |   |[4]|   |
+---+---+---+---+---+---+---+---+---+
|   |[7]|   |   |[9]|   |[3]|   |   |
+---+---+---+---+---+---+---+---+---+
|[8]|   |   |[5]|   |   |   |   |   |
+---+---+---+---+---+---+---+---+---+
|   |   |[5]|[1]|   |[6]|[7]|   |   |
+---+---+---+---+---+---+---+---+---+
|   |   |   |   |   |[9]|   |   |[5]|
+---+---+---+---+---+---+---+---+---+
|   |   |[1]|   |[7]|   |   |[3]|   |
+---+---+---+---+---+---+---+---+---+
|   |[9]|   |   |[5]|[4]|[1]|   |[2]|
+---+---+---+---+---+---+---+---+---+
|   |   |   |[9]|[1]|   |[6]|   |[4]|
+---+---+---+---+---+---+---+---+---+

2023-10-29 21:20:35
09:20:35 -- 09:20:35
+---+---+---+---+---+---+---+---+---+
|[1]| 3 |[4]| 2 |[6]|[7]| 9 | 5 | 8 |
+---+---+---+---+---+---+---+---+---+
|[5]| 6 |[9]|[8]|[3]| 1 | 2 |[4]| 7 |
+---+---+---+---+---+---+---+---+---+
| 2 |[7]| 8 | 4 |[9]| 5 |[3]| 6 | 1 |
+---+---+---+---+---+---+---+---+---+
|[8]| 1 | 7 |[5]| 2 | 3 | 4 | 9 | 6 |
+---+---+---+---+---+---+---+---+---+
| 9 | 4 |[5]|[1]| 8 |[6]|[7]| 2 | 3 |
+---+---+---+---+---+---+---+---+---+
| 6 | 2 | 3 | 7 | 4 |[9]| 8 | 1 |[5]|
+---+---+---+---+---+---+---+---+---+
| 4 | 8 |[1]| 6 |[7]| 2 | 5 |[3]| 9 |
+---+---+---+---+---+---+---+---+---+
| 7 |[9]| 6 | 3 |[5]|[4]|[1]| 8 |[2]|
+---+---+---+---+---+---+---+---+---+
| 3 | 5 | 2 |[9]|[1]| 8 |[6]| 7 |[4]|
+---+---+---+---+---+---+---+---+---+

2023-10-29 21:20:35
+---+---+---+---+---+---+---+---+---+
|   |   |   |[6]|   |   |   |   |   |
+---+---+---+---+---+---+---+---+---+
|   |   |[5]|   |   |   |[3]|   |   |
+---+---+---+---+---+---+---+---+---+
|   |[2]|   |[8]|   |[4]|   |[7]|   |
+---+---+---+---+---+---+---+---+---+
|   |   |[4]|   |[2]|   |[5]|   |[3]|
+---+---+---+---+---+---+---+---+---+
|   |   |   |[9]|   |[6]|   |   |   |
+---+---+---+---+---+---+---+---+---+
|[2]|   |[6]|   |[7]|   |[8]|   |   |
+---+---+---+---+---+---+---+---+---+
|   |[7]|   |[4]|   |[3]|   |[9]|   |
+---+---+---+---+---+---+---+---+---+
|   |   |[3]|   |   |   |[7]|   |   |
+---+---+---+---+---+---+---+---+---+
|   |   |   |   |   |[1]|   |   |   |
+---+---+---+---+---+---+---+---+---+

2023-10-29 21:20:36
09:20:35 -- 09:20:36
+---+---+---+---+---+---+---+---+---+
| 4 | 8 | 7 |[6]| 3 | 9 | 2 | 5 | 1 |
+---+---+---+---+---+---+---+---+---+
| 9 | 6 |[5]| 2 | 1 | 7 |[3]| 8 | 4 |
+---+---+---+---+---+---+---+---+---+
| 3 |[2]| 1 |[8]| 5 |[4]| 9 |[7]| 6 |
+---+---+---+---+---+---+---+---+---+
| 7 | 9 |[4]| 1 |[2]| 8 |[5]| 6 |[3]|
+---+---+---+---+---+---+---+---+---+
| 5 | 3 | 8 |[9]| 4 |[6]| 1 | 2 | 7 |
+---+---+---+---+---+---+---+---+---+
|[2]| 1 |[6]| 3 |[7]| 5 |[8]| 4 | 9 |
+---+---+---+---+---+---+---+---+---+
| 1 |[7]| 2 |[4]| 8 |[3]| 6 |[9]| 5 |
+---+---+---+---+---+---+---+---+---+
| 6 | 4 |[3]| 5 | 9 | 2 |[7]| 1 | 8 |
+---+---+---+---+---+---+---+---+---+
| 8 | 5 | 9 | 7 | 6 |[1]| 4 | 3 | 2 |
+---+---+---+---+---+---+---+---+---+

2023-10-29 21:20:36
+---+---+---+---+---+---+---+---+---+
|[8]|   |   |   |   |   |   |   |   |
+---+---+---+---+---+---+---+---+---+
|   |   |[3]|[6]|   |   |   |   |   |
+---+---+---+---+---+---+---+---+---+
|   |[7]|   |   |[9]|   |[2]|   |   |
+---+---+---+---+---+---+---+---+---+
|   |[5]|   |   |   |[7]|   |   |   |
+---+---+---+---+---+---+---+---+---+
|   |   |   |   |[4]|[5]|[7]|   |   |
+---+---+---+---+---+---+---+---+---+
|   |   |   |[1]|   |   |   |[3]|   |
+---+---+---+---+---+---+---+---+---+
|   |   |[1]|   |   |   |   |[6]|[8]|
+---+---+---+---+---+---+---+---+---+
|   |   |[8]|[5]|   |   |   |[1]|   |
+---+---+---+---+---+---+---+---+---+
|   |[9]|   |   |   |   |[4]|   |   |
+---+---+---+---+---+---+---+---+---+

2023-10-29 21:21:15
09:20:36 -- 09:21:15
+---+---+---+---+---+---+---+---+---+
|[8]| 1 | 2 | 7 | 5 | 3 | 6 | 4 | 9 |
+---+---+---+---+---+---+---+---+---+
| 9 | 4 |[3]|[6]| 8 | 2 | 1 | 7 | 5 |
+---+---+---+---+---+---+---+---+---+
| 6 |[7]| 5 | 4 |[9]| 1 |[2]| 8 | 3 |
+---+---+---+---+---+---+---+---+---+
| 1 |[5]| 4 | 2 | 3 |[7]| 8 | 9 | 6 |
+---+---+---+---+---+---+---+---+---+
| 3 | 6 | 9 | 8 |[4]|[5]|[7]| 2 | 1 |
+---+---+---+---+---+---+---+---+---+
| 2 | 8 | 7 |[1]| 6 | 9 | 5 |[3]| 4 |
+---+---+---+---+---+---+---+---+---+
| 5 | 2 |[1]| 9 | 7 | 4 | 3 |[6]|[8]|
+---+---+---+---+---+---+---+---+---+
| 4 | 3 |[8]|[5]| 2 | 6 | 9 |[1]| 7 |
+---+---+---+---+---+---+---+---+---+
| 7 |[9]| 6 | 3 | 1 | 8 |[4]| 5 | 2 |
+---+---+---+---+---+---+---+---+---+


[Done] exited with code=0 in 67.978 seconds

